1,-3.188396,55.944425,340,-3.1881140922137643,55.944322393957,null
2,-3.1881140922137643,55.944322393957,340,-3.1878321844275286,55.944219787914,null
3,-3.1878321844275286,55.944219787914,340,-3.187550276641293,55.944117181871,bound.ends.matter
4,-3.187550276641293,55.944117181871,280,-3.187498182187993,55.94382173954509,begins.spider.drips
5,-3.187498182187993,55.94382173954509,70,-3.1873955761449952,55.94410364733133,null
6,-3.1873955761449952,55.94410364733133,80,-3.1873434816916952,55.94439908965724,only.fairly.rift
7,-3.1873434816916952,55.94439908965724,30,-3.1870836740705597,55.94454908965724,null
8,-3.1870836740705597,55.94454908965724,10,-3.186788231744656,55.94460118411054,null
9,-3.186788231744656,55.94460118411054,10,-3.186492789418752,55.94465327856384,rated.fired.crowds
10,-3.186492789418752,55.94465327856384,100,-3.186544883872052,55.94494872088975,null
11,-3.186544883872052,55.94494872088975,130,-3.186737720154958,55.945178534222684,dragon.bottle.crisp
12,-3.186737720154958,55.945178534222684,130,-3.1869305564378636,55.94540834755562,spent.spoon.bolt
13,-3.1869305564378636,55.94540834755562,30,-3.186670748816728,55.94555834755562,null
14,-3.186670748816728,55.94555834755562,30,-3.1864109411955925,55.945708347555616,posts.kicked.universally
15,-3.1864109411955925,55.945708347555616,30,-3.186151133574457,55.945858347555614,null
16,-3.186151133574457,55.945858347555614,30,-3.1858913259533215,55.94600834755561,renew.slows.basket
17,-3.1858913259533215,55.94600834755561,330,-3.185631518332186,55.945858347555614,null
18,-3.185631518332186,55.945858347555614,330,-3.1853717107110504,55.945708347555616,null
19,-3.1853717107110504,55.945708347555616,330,-3.185111903089915,55.94555834755562,null
20,-3.185111903089915,55.94555834755562,340,-3.184829995303679,55.94545574151262,null
21,-3.184829995303679,55.94545574151262,330,-3.1845701876825436,55.94530574151262,settle.title.united
22,-3.1845701876825436,55.94530574151262,290,-3.184467581639546,55.94502383372638,sports.topic.clocks
23,-3.184467581639546,55.94502383372638,210,-3.1847273892606816,55.94487383372638,null
24,-3.1847273892606816,55.94487383372638,220,-3.1849572025936173,55.94468099744348,slide.leads.stores
25,-3.1849572025936173,55.94468099744348,200,-3.185239110379853,55.944578391400476,null
26,-3.185239110379853,55.944578391400476,210,-3.1854989180009885,55.94442839140048,atoms.vanish.foods
27,-3.1854989180009885,55.94442839140048,330,-3.185239110379853,55.94427839140048,null
28,-3.185239110379853,55.94427839140048,330,-3.1849793027587174,55.94412839140048,null
29,-3.1849793027587174,55.94412839140048,320,-3.1847494894257817,55.94393555511758,rider.mile.lime
30,-3.1847494894257817,55.94393555511758,220,-3.1849793027587174,55.94374271883467,null
31,-3.1849793027587174,55.94374271883467,230,-3.185172139041623,55.943512905501734,null
32,-3.185172139041623,55.943512905501734,220,-3.185401952374559,55.94332006921883,null
33,-3.185401952374559,55.94332006921883,230,-3.1855947886574647,55.94309025588589,toned.deflection.bland
34,-3.1855947886574647,55.94309025588589,190,-3.1858902309833685,55.94303816143259,null
35,-3.1858902309833685,55.94303816143259,190,-3.1861856733092724,55.94298606697929,null
36,-3.1861856733092724,55.94298606697929,190,-3.186481115635176,55.942933972525985,null
37,-3.186481115635176,55.942933972525985,190,-3.18677655796108,55.94288187807268,null
38,-3.18677655796108,55.94288187807268,180,-3.1870765579610802,55.94288187807268,valve.elaborate.fortunate
39,-3.1870765579610802,55.94288187807268,190,-3.187372000286984,55.94282978361938,null
40,-3.187372000286984,55.94282978361938,190,-3.187667442612888,55.94277768916608,panic.squad.danger
41,-3.187667442612888,55.94277768916608,110,-3.1877700486558855,55.94305959695232,null
42,-3.1877700486558855,55.94305959695232,120,-3.1879200486558856,55.94331940457345,scare.cubs.resort
43,-3.1879200486558856,55.94331940457345,160,-3.1882019564421213,55.94342201061645,null
44,-3.1882019564421213,55.94342201061645,160,-3.188483864228357,55.94352461665945,null
45,-3.188483864228357,55.94352461665945,160,-3.1887657720145928,55.94362722270245,labels.hotels.alert
46,-3.1887657720145928,55.94362722270245,190,-3.1890612143404966,55.94357512824915,null
47,-3.1890612143404966,55.94357512824915,180,-3.189361214340497,55.94357512824915,cars.attend.hotels
48,-3.189361214340497,55.94357512824915,280,-3.189309119887197,55.943279685923244,null
49,-3.189309119887197,55.943279685923244,290,-3.189206513844199,55.942997778137006,region.passes.pencil
50,-3.189206513844199,55.942997778137006,190,-3.189501956170103,55.9429456836837,null
51,-3.189501956170103,55.9429456836837,190,-3.189797398496007,55.9428935892304,second.launch.miles
52,-3.189797398496007,55.9428935892304,130,-3.1899902347789126,55.94312340256334,null
53,-3.1899902347789126,55.94312340256334,120,-3.1901402347789127,55.94338321018447,arts.dish.scarcely
54,-3.1901402347789127,55.94338321018447,120,-3.190290234778913,55.943643017805606,sculpture.shot.melon
55,-3.190290234778913,55.943643017805606,110,-3.1903928408219104,55.943924925591844,pump.wheels.hulk
56,-3.1903928408219104,55.943924925591844,250,-3.190495446864908,55.943643017805606,null
57,-3.190495446864908,55.943643017805606,250,-3.1905980529079057,55.94336111001937,null
58,-3.1905980529079057,55.94336111001937,240,-3.1907480529079058,55.94310130239823,relate.chill.vest
59,-3.1907480529079058,55.94310130239823,120,-3.190898052907906,55.94336111001937,null
60,-3.190898052907906,55.94336111001937,130,-3.1910908891908116,55.9435909233523,loaf.cheer.slave
61,-3.1910908891908116,55.9435909233523,90,-3.1910908891908116,55.943890923352306,spicy.bunch.shady
62,-3.1910908891908116,55.943890923352306,90,-3.1910908891908116,55.94419092335231,null
63,-3.1910908891908116,55.94419092335231,80,-3.1910387947375116,55.944486365678216,null
64,-3.1910387947375116,55.944486365678216,90,-3.1910387947375116,55.94478636567822,shapes.sheep.nature
65,-3.1910387947375116,55.94478636567822,100,-3.1910908891908116,55.945081808004126,null
66,-3.1910908891908116,55.945081808004126,90,-3.1910908891908116,55.94538180800413,null
67,-3.1910908891908116,55.94538180800413,100,-3.1911429836441116,55.945677250330036,null
68,-3.1911429836441116,55.945677250330036,90,-3.1911429836441116,55.94597725033004,simple.rust.audio
69,-3.1911429836441116,55.94597725033004,350,-3.190847541318208,55.945925155876736,null
70,-3.190847541318208,55.945925155876736,350,-3.190552098992304,55.945873061423434,null
71,-3.190552098992304,55.945873061423434,350,-3.1902566566664,55.94582096697013,null
72,-3.1902566566664,55.94582096697013,350,-3.1899612143404963,55.94576887251683,null
73,-3.1899612143404963,55.94576887251683,350,-3.1896657720145924,55.94571677806353,null
74,-3.1896657720145924,55.94571677806353,350,-3.1893703296886886,55.945664683610225,museum.spicy.horns
75,-3.1893703296886886,55.945664683610225,10,-3.1890748873627848,55.94571677806353,stops.else.chats
76,-3.1890748873627848,55.94571677806353,0,-3.1887748873627846,55.94571677806353,null
77,-3.1887748873627846,55.94571677806353,10,-3.1884794450368807,55.94576887251683,bend.tubes.chops
78,-3.1884794450368807,55.94576887251683,250,-3.1885820510798784,55.94548696473059,null
79,-3.1885820510798784,55.94548696473059,250,-3.188684657122876,55.94520505694435,rooms.lamp.teach
80,-3.188684657122876,55.94520505694435,290,-3.1885820510798784,55.944923149158114,null
81,-3.1885820510798784,55.944923149158114,290,-3.1884794450368807,55.944641241371876,null
